1456
224
4913
2200
2844
2275
4092
1558
3492
3999
3372
384
3796
935
3941
2461
2140
1835
856
4022
2529
1621
3623
4949
2013
1420
3069
2782
4024
980
3716
1588
4760
4316
1650
3917
4765
4723
3883
4625
3504
2793
2603
2028
3361
3593
1951
1191
2681
1736
3038
1058
551
1870
4904
4145
4505
441
4087
864
2391
3154
4084
2971
4274
515
2118
4950
4834
3439
776
4193
4466
4254
3246
2439
843
2351
882
2242
2638
2984
1099
4299
3841
4722
1331
4726
4094
1525
3002
3356
3563
2164
3827
4968
1007
2102
2469
4477
733
3082
3191
4921
4003
1148
649
3051
4011
2549
4380
3729
1936
3392
328
1316
634
2437
4435
2833
4309
1969
616
670
3284
1425
3691
983
2119
408
4481
526
2975
3962
3353
4640
3408
3905
1242
4264
3681
4038
3345
3571
152
332
4670
3846
991
3569
259
176
1182
142
2576
1436
3370
2505
3806
951
2453
3966
943
3855
4801
1900
1246
4846
3071
1452
2084
1666
2270
1776
1602
1093
68
1249
3254
1072
4957
3526
4248
3159
1980
1366
179
1325
4151
711
4699
1856
59
4416
3171
2761
2316
2137
3499
3625
3992
38
1120
1101
3187
3496
2023
1787
3178
123
2500
987
1320
3248
4544
4070
806
4882
3699
2611
216
1741
4211
3077
2864
1822
351
3371
241
521
28
1474
1098
3945
4711
4858
4328
2248
2832
4229
3939
3225
4165
4935
2335
4349
4437
553
684
2631
2411
2485
1872
374
3706
1324
1090
4333
513
1490
1372
86
2610
4207
4527
389
348
3290
4006
2825
3771
198
3888
1622
4943
4866
3516
2313
4601
1534
4103
3399
1918
2687
3775
2448
4564
2083
4602
2722
608
3553
2022
1290
4622
2337
4050
686
2338
1234
1301
2054
2772
2252
606
536
4762
3288
3109
1264
1097
3354
4238
2394
4203
2281
4813
2504
21
3183
2724
3142
1017
3083
2878
23
560
429
3138
2451
2548
680
1375
211
1533
2085
2598
4603
578
1433
4346
1565
4208
2488
854
1151
812
2186
1647
2927
738
2308
1349
3477
2120
3964
3309
1664
4374
1232
2680
3755
576
2217
3036
1683
2071
1861
1514
4888
929
1508
3348
4807
1000
948
2585
3332
1711
469
4944
416
3320
2446
303
4258
452
4819
4362
62
3543
4357
4077
4012
3417
1470
2444
1836
1108
4713
1439
1216
4055
4709
4734
2538
2784
3749
1404
2165
994
821
280
2958
886
3186
3213
899
4196
4275
2409
304
1383
3919
4836
314
2701
1598
4423
1407
422
4615
3580
748
405
1688
4475
4202
2491
857
4501
4720
165
3606
2536
1982
2183
2882
861
1717
3576
1442
166
3996
609
2797
1710
1418
3770
2345
2656
3967
2850
2097
2279
2601
3141
3578
3093
3271
4040
1084
1966
4448
2189
1197
3833
2771
272
4101
3579
2627
3014
4390
2810
3835
3907
4267
2514
2894
512
3936
4793
4901
3444
2277
4677
4763
1201
3532
392
3339
2415
511
3231
2501
858
3226
4284
2566
2314
1554
3673
1056
43
1222
2209
835
2640
2510
4900
3227
203
3650
2295
189
3472
4313
4074
533
4600
3742
218
2423
2685
483
2304
4375
4586
4800
559
2940
1304
1217
4090
32
3524
4245
338
3390
4116
750
985
4980
2964
4829
4931
4589
496
3973
1473
3172
65
488
158
4995
4647
3515
2101
2046
538
3201
617
42
33
561
3217
611
1395
4611
204
2056
3605
355
3275
2604
3342
674
1648
111
4593
3817
2036
2109
3483
4111
872
956
2148
1250
3660
3032
4688
37
2490
773
2525
1225
4255
467
3852
3199
503
2064
1422
3746
1929
1997
246
1859
2182
4832
44
720
4892
1453
3818
4251
4925
3041
863
642
4767
836
4000
4865
4910
426
4580
788
1211
4323
1011
2125
1749
471
4553
3487
237
557
3554
947
1892
1068
2241
1661
2363
302
4183
817
2703
4449
2951
579
2502
2794
2498
1317
1690
4577
3078
1612
4773
3220
115
3067
3712
1682
245
4249
2365
4411
4427
629
4962
1904
4035
1609
919
4150
1504
2296
1110
1898
173
2733
1627
1910
2803
4618
4085
849
4290
3959
2375
492
2737
89
3478
4179
4400
4878
1319
3184
1868
3594
3055
1592
3509
2989
3111
4778
163
4110
2775
4939
3322
654
1273
2193
3380
3506
3632
1764
1400
2986
1389
932
1113
145
3938
287
1529
4347
3647
2967
2076
74
1947
1213
3923
722
3440
3066
3958
3429
2405
2027
3692
2648
4759
2255
2156
4020
3090
792
3877
4805
2966
3839
1895
1873
1369
4153
2914
2511
1281
2786
1492
4738
2968
3060
3665
1129
3928
3700
3970
4550
1766
541
1894
3438
620
1541
1030
2431
1577
4465
1915
3567
333
159
3814
1358
1820
3132
732
3196
1911
425
3972
2898
308
1901
2530
2930
712
361
2107
1263
34
4146
3387
953
1977
3155
3396
859
2654
3544
2800
2015
4748
523
562
3857
2074
4508
3763
2093
1886
3862
673
1573
1291
2185
2957
3671
2099
2038
2599
4682
4197
1266
1036
2427
2682
1823
4933
1939
3207
1507
3989
4879
4821
460
2705
2468
4994
1604
4069
701
4521
2849
124
3018
2822
3618
1230
682
3547
1245
1510
3042
1500
1791
2309
3389
4574
3202
2301
231
1673
3094
506
1258
2219
1188
3910
4906
957
1042
666
9
4792
1962
4398
727
1220
435
3787
2854
3378
390
4651
3245
2191
3951
1896
1261
4280
4607
4614
1288
1186
831
1670
2935
3146
3317
556
1307
1362
1412
1354
2836
4344
299
4057
1542
81
1306
1497
2936
2207
692
1168
2661
4491
221
4076
4446
2827
2814
3176
1798
427
4985
1871
295
4993
2204
4563
3086
4096
2912
3017
1854
278
349
88
915
2078
248
151
2122
1786
4704
3591
2477
4826
4630
2503
2694
771
618
1268
2051
2624
3436
4140
468
4885
1569
2090
1459
4256
3144
3039
910
4324
4575
2259
1697
2053
3661
1367
3974
3898
879
2288
2663
4852
967
1812
2847
1043
4329
848
1705
4348
3724
4830
2285
14
1761
4023
2848
4218
3336
3097
1591
3204
504
2094
4608
4063
715
753
1653
3950
2372
1830
2766
4538
2458
4775
414
2557
4088
3425
1435
4104
2236
1091
4658
2310
4061
2403
2535
2743
423
2247
2799
2946
2346
2868
1575
4306
3634
2068
1010
2746
2329
3422
143
2718
1719
341
1987
2899
3626
1431
345
1221
4702
4668
3003
4914
4410
1212
2063
3589
596
1423
1730
2518
1744
199
2376
978
3280
4371
2151
1866
1733
772
1646
4627
1199
2597
2996
3340
192
3911
3587
1421
3224
4802
1595
4818
3788
1675
2472
1478
2527
2326
347
4296
2875
2305
1426
3556
459
937
2096
4046
4025
461
3278
2360
4655
4703
2841
2546
4148
4461
1318
4231
3379
1726
2925
901
2872
1637
210
3538
3264
3270
1243
1781
3629
2960
3158
2693
3150
4161
2293
699
3726
398
1254
4019
2973
3894
4869
4547
3139
2689
3426
4849
1847
1712
1252
2267
3235
808
677
2959
502
2905
558
2378
1701
1934
1908
3351
2709
868
3550
1523
702
1538
4080
206
2587
330
313
2698
2650
3899
376
2871
3256
3737
3581
4784
1922
4673
2528
4341
3437
2008
2910
1089
4698
1503
3884
3535
3604
4086
4154
1118
126
3162
1218
3052
2752
4936
2765
2749
799
1505
2708
1236
3809
4661
3757
1809
1432
378
4557
900
2300
2706
4034
1103
223
1618
1979
1107
1239
2999
214
4870
482
4452
833
1117
477
1586
3769
2826
4772
2618
4242
281
2808
4382
2980
1096
974
119
41
52
1924
2931
2588
2384
4213
3664
55
2130
1173
2312
1807
397
353
3727
984
2092
829
1815
2123
975
3257
3276
3008
1298
842
373
3170
3058
1085
1024
3741
508
4287
2671
4432
4739
4598
4909
1956
950
2192
4863
4751
479
1988
4337
420
2211
4872
770
795
624
2025
2976
1122
4562
3412
4014
1587
628
4297
2684
4816
2852
1444
2659
4766
622
860
1065
535
3929
713
1079
1445
3678
2843
4139
4075
109
2933
3294
2720
1154
2389
3480
2673
181
2537
249
4478
4537
2145
3518
3236
4004
1735
850
1027
3602
1044
2424
3597
1768
2862
2890
275
3420
3065
2470
4253
4228
4558
298
3843
4429
1114
2716
1226
63
1674
2208
1665
2714
4486
3932
2806
3352
428
2390
4260
575
1260
4657
4443
4172
769
2554
4121
4021
2521
1679
3654
4937
2075
4339
139
3560
1582
4143
1585
499
1224
2121
2212
2723
2263
1596
1789
2168
2497
3463
3028
1689
1121
1769
2642
3836
1466
1480
2593
2416
133
1295
4240
3497
1903
2819
1750
4799
230
2447
3703
4911
2087
2323
4535
140
377
149
641
317
4113
4917
1343
540
1388
105
996
3088
3388
1364
2731
3302
4606
3707
3004
2374
537
1954
4520
1138
3394
2893
1371
138
2818
1734
3015
2154
1983
4572
2591
3921
4230
3854
1467
2010
2938
3312
4746
497
1139
4155
1179
3801
1729
4017
3383
2955
4814
3149
1916
114
3136
1066
3649
2045
251
2221
2029
170
4404
4592
3795
4610
1237
3490
4018
2106
844
1967
456
3804
45
3998
1461
1757
1132
2734
826
1946
3165
3376
1131
3033
254
2486
2651
4579
3303
3269
4745
4853
4908
3525
1724
1571
897
157
3135
4093
2777
1008
2577
1335
3347
3085
2144
3297
4037
3285
2354
4033
954
4162
2531
2763
3334
1214
2396
4947
3995
2584
3062
1119
4548
323
1332
402
3765
4556
2422
1817
108
2550
4252
1890
292
3034
4212
3198
2539
1931
1583
906
2398
552
2133
1799
1727
4209
2238
3416
3636
457
2767
4679
3674
409
2272
2665
3167
3360
2915
1811
4737
1905
4715
764
1831
1206
3413
2307
3455
1143
4718
1838
2657
2622
4927
1147
4633
1678
3528
781
3748
2178
3401
4205
3940
1634
2787
4250
4612
1878
3713
2273
3948
4764
1235
4555
2759
2580
4198
3486
449
4294
2205
1676
4262
4998
4217
1869
2108
735
4695
4662
894
2081
2515
1164
2545
3990
3404
1662
4355
4890
4158
619
644
4097
3230
2463
4079
805
4533
2400
4408
438
815
3393
2494
434
3145
995
1841
305
419
4270
693
1506
625
2269
147
4752
668
2261
4701
3273
4965
2997
3247
1774
752
2079
1930
4089
4187
4636
588
2404
1834
3433
1070
1069
3211
2791
3744
3529
2506
4473
2516
1524
1386
710
283
213
636
543
3780
3582
3988
1880
454
318
2628
3458
3364
2052
631
2402
3954
1536
3527
1708
1484
2160
3539
2383
4418
3863
566
4660
1482
3519
153
3861
4310
350
2044
1476
1716
297
3585
4041
3758
554
1013
1102
2266
2251
3886
4691
2229
3192
544
4780
3219
3430
4700
290
659
2235
3916
4777
1615
1006
3935
1379
2334
3740
1668
320
4030
4379
4815
2741
2920
3807
3558
2770
2947
704
669
3761
2869
4981
927
3946
4215
247
1005
1959
1632
889
2900
1620
3545
3335
4166
3912
19
1170
4289
4635
4768
3243
888
2173
136
1185
719
4366
1279
1693
1827
2234
651
969
3853
403
3402
4271
2318
3621
4483
2198
3147
3103
3070
3193
4269
4534
375
3242
1275
1329
2917
2807
4803
2327
3117
481
909
4629
2049
1346
819
84
1086
4036
1344
2909
2135
3152
3709
1767
3046
767
4719
757
1184
1015
4988
1377
2780
3677
1501
2249
2517
1045
3794
3781
3194
1801
1340
1200
564
1725
3050
80
4495
3826
1128
1365
4394
4922
1771
4169
4790
1566
4918
4619
130
2789
3148
1021
2732
4425
2359
3583
876
3189
3774
855
279
1802
2343
1581
4623
1406
2855
2699
103
4191
1721
2916
2646
2493
3864
1642
2112
4285
2348
2837
4163
190
4740
3485
2340
4439
1413
3261
604
2069
1061
29
2287
3789
26
1968
4498
2913
2885
