1
7
13
30
38
41
53
57
58
61
65
79
80
86
94
96
97
99
101
102
110
117
120
121
123
128
132
134
139
143
144
149
157
162
163
164
165
167
199
203
229
231
237
244
249
250
256
259
274
275
279
281
286
306
307
309
310
315
316
329
332
334
344
347
356
366
369
373
381
382
394
395
396
398
400
403
414
418
426
427
428
429
433
436
446
447
449
452
455
460
462
467
477
483
487
488
492
502
508
512
517
529
530
531
538
546
560
568
573
578
588
595
596
599
603
606
620
626
627
638
642
644
645
648
650
655
657
661
665
673
675
688
691
694
706
712
714
723
726
740
741
743
750
766
771
782
783
790
794
795
797
799
808
809
813
815
816
818
820
826
834
840
841
844
847
848
851
854
856
859
861
862
865
881
895
897
901
914
921
927
930
931
933
934
943
952
954
955
964
981
983
988
993
995
1009
1012
1016
1026
1029
1030
1033
1035
1036
1047
1050
1056
1063
1064
1070
1078
1083
1084
1089
1090
1096
1103
1104
1106
1115
1116
1123
1126
1130
1150
1157
1169
1177
1189
1192
1194
1201
1203
1206
1212
1215
1217
1230
1237
1247
1252
1253
1256
1260
1266
1267
1270
1286
1287
1288
1291
1292
1293
1301
1302
1307
1308
1317
1319
1325
1326
1331
1334
1344
1346
1349
1367
1376
1378
1383
1386
1390
1394
1395
1396
1401
1413
1422
1423
1428
1434
1437
1439
1443
1444
1457
1463
1468
1475
1481
1484
1492
1494
1497
1501
1509
1513
1514
1515
1519
1521
1523
1524
1525
1526
1536
1540
1547
1548
1551
1558
1564
1566
1568
1575
1578
1579
1582
1585
1596
1610
1614
1617
1618
1623
1631
1632
1639
1650
1657
1671
1675
1679
1680
1684
1685
1690
1692
1702
1713
1715
1720
1722
1723
1726
1731
1735
1738
1740
1752
1768
1773
1774
1775
1778
1783
1784
1794
1798
1801
1804
1810
1817
1820
1827
1833
1843
1849
1850
1858
1860
1881
1890
1906
1909
1911
1917
1918
1920
1922
1924
1928
1934
1948
1949
1967
1970
1974
1978
1997
2008
2019
2023
2036
2041
2046
2055
2060
2067
2076
2078
2083
2084
2091
2092
2093
2102
2103
2105
2108
2111
2114
2128
2134
2136
2138
2140
2143
2146
2149
2150
2154
2159
2160
2164
2165
2169
2171
2184
2222
2225
2234
2241
2244
2247
2249
2251
2256
2257
2258
2265
2280
2281
2289
2291
2298
2299
2302
2307
2310
2313
2314
2320
2323
2324
2328
2337
2341
2342
2343
2346
2354
2360
2365
2370
2371
2372
2377
2390
2395
2400
2402
2409
2414
2415
2419
2420
2440
2454
2462
2468
2470
2471
2474
2475
2481
2482
2484
2486
2493
2509
2514
2515
2524
2529
2535
2536
2540
2543
2544
2546
2547
2551
2556
2559
2566
2568
2570
2582
2588
2590
2594
2599
2601
2607
2628
2631
2632
2634
2653
2659
2660
2661
2663
2668
2669
2670
2672
2685
2686
2689
2690
2693
2698
2704
2711
2722
2729
2737
2738
2745
2748
2750
2751
2752
2757
2771
2775
2782
2784
2790
2804
2807
2808
2812
2813
2819
2829
2849
2850
2854
2855
2856
2857
2858
2861
2863
2868
2871
2872
2873
2875
2877
2884
2886
2891
2895
2900
2906
2908
2910
2915
2922
2924
2935
2940
2945
2947
2952
2962
2964
2965
2975
2984
2985
2987
2990
3000
3002
3008
3028
3032
3038
3057
3064
3065
3070
3082
3085
3091
3125
3137
3143
3145
3148
3153
3157
3158
3159
3160
3163
3167
3170
3174
3179
3180
3181
3185
3195
3201
3202
3213
3218
3219
3224
3233
3235
3240
3242
3247
3249
3261
3263
3264
3267
3268
3273
3281
3284
3285
3287
3290
3291
3293
3294
3302
3306
3307
3316
3324
3325
3327
3328
3330
3335
3338
3361
3363
3365
3371
3376
3377
3379
3382
3391
3396
3408
3416
3419
3428
3430
3433
3443
3448
3453
3454
3461
3465
3470
3473
3477
3489
3494
3501
3504
3505
3508
3509
3513
3517
3518
3519
3533
3536
3541
3543
3549
3552
3565
3567
3576
3586
3590
3600
3608
3611
3621
3625
3632
3639
3642
3647
3648
3650
3652
3656
3658
3659
3660
3663
3666
3674
3678
3681
3693
3698
3701
3702
3709
3710
3716
3722
3727
3730
3737
3741
3757
3760
3761
3763
3764
3770
3777
3787
3791
3792
3793
3796
3805
3806
3813
3819
3822
3823
3825
3827
3844
3853
3858
3863
3873
3875
3879
3885
3887
3890
3899
3905
3906
3908
3911
3913
3914
3916
3928
3930
3932
3937
3939
3942
3949
3952
3953
3969
3972
3974
3982
3989
4002
4005
4010
4012
4015
4016
4017
4023
4025
4027
4030
4032
4043
4049
4051
4060
4065
4071
4083
4087
4089
4091
4110
4117
4124
4129
4130
4138
4142
4145
4146
4151
4152
4156
4158
4181
4185
4188
4192
4196
4199
4202
4220
4231
4234
4239
4240
4241
4245
4246
4247
4254
4263
4267
4288
4295
4299
4302
4313
4315
4320
4324
4346
4355
4375
4377
4381
4384
4389
4392
4398
4402
4403
4405
4421
4425
4429
4436
4437
4454
4459
4462
4466
4470
4471
4474
4478
4481
4483
4484
4485
4487
4490
4500
4501
4502
4505
4512
4516
4518
4521
4524
4529
4532
4533
4540
4545
4551
4555
4560
4564
4567
4577
4581
4582
4594
4597
4598
4602
4603
4618
4620
4621
4624
4625
4628
4635
4638
4640
4643
4650
4663
4670
4676
4677
4694
4695
4699
4706
4710
4711
4712
4718
4720
4727
4730
4733
4746
4748
4753
4754
4757
4760
4765
4783
4784
4788
4796
4799
4800
4812
4813
4816
4820
4822
4826
4829
4831
4833
4843
4844
4845
4846
4849
4858
4859
4868
4881
4902
4906
4909
4915
4917
4921
4922
4925
4930
4932
4939
4944
4947
4949
4950
4952
4957
4959
4972
4974
4976
4978
4982
4998
4999
